
입력으로 N*N의 map이 주어진다.
  1: 산, 0 : 빈농지
  
M:로봇이 이동할 수 있는 총 일수

M일동안 로봇이 이동하며 빈농지에 씨를 뿌리고 싹을 틔우고 자란후에 수확을 할 수 있는 최대 횟수를 구하시오.

 아래처럼 N*N 둘레는 항상 모두 산이다.
 1 1 1 1 1
 1 0 0 0 1
 1 0 0 0 1
 1 0 0 0 1
 1 1 1 1 1
 
수확까지 걸리는 소요되는 날은
같은 농지에 k번째 씨를 뿌리면 K+3일이 지나야 수확이 가능하다.

 오전에는 현위치가 빈 농지이며 다음 농지로 갈 수 있으면 씨앗을 뿌리고
       현위치가 빈 농지이지만 다음 농지로 갈 수 없으면 아무것도 하지 않고
       현위치가 곡식농지라면 수확 후 빈농지로 만듦
     
오후에는 현위치에서 다음 위치가 빈농지이거나 곡식농지일때 이동하며
      이동가능한 다음위치가 없을 경우 이동하지 않는다.
      
이동가능한 위치가 여러 위치일경우 오른쪽 , 앞, 왼쪽, 뒤 순으로  이동한다.

 /*
10
6 11
1 1 1 1 1 1
1 1 0 0 0 1
1 0 0 0 0 1
1 1 0 0 0 1
1 0 0 0 0 1
1 1 1 1 1 1
6 10
1 1 1 1 1 1
1 0 1 0 1 1
1 1 0 1 0 1
1 0 1 0 1 1
1 1 0 1 0 1
1 1 1 1 1 1
7 26
1 1 1 1 1 1 1
1 0 0 0 0 0 1
1 1 0 1 0 0 1
1 0 0 0 0 1 1
1 0 1 0 0 0 1
1 0 0 1 0 0 1
1 1 1 1 1 1 1
7 32
1 1 1 1 1 1 1
1 1 0 0 1 0 1
1 0 1 0 0 0 1
1 0 1 1 0 0 1
1 0 0 1 0 0 1
1 1 0 0 0 1 1
1 1 1 1 1 1 1
7 35
1 1 1 1 1 1 1
1 1 0 0 1 1 1
1 0 0 0 0 0 1
1 1 0 0 1 0 1
1 0 0 1 0 0 1
1 0 1 0 0 1 1
1 1 1 1 1 1 1
8 40
1 1 1 1 1 1 1 1
1 0 0 0 0 0 1 1
1 0 0 1 1 0 1 1
1 0 1 0 1 0 0 1
1 0 0 0 1 0 1 1
1 0 1 1 0 0 0 1
1 1 0 0 0 1 1 1
1 1 1 1 1 1 1 1
8 42
1 1 1 1 1 1 1 1
1 0 0 0 0 1 0 1
1 0 0 1 0 1 0 1
1 1 0 1 0 0 0 1
1 0 0 0 0 0 1 1
1 1 0 1 1 0 1 1
1 0 0 0 0 0 0 1
1 1 1 1 1 1 1 1
9 45
1 1 1 1 1 1 1 1 1
1 0 1 1 1 0 0 1 1
1 0 0 0 1 0 0 0 1
1 0 0 0 1 0 1 1 1
1 1 1 0 1 0 0 0 1
1 1 0 1 1 0 0 1 1
1 1 1 0 1 1 0 0 1
1 0 0 0 0 1 0 0 1
1 1 1 1 1 1 1 1 1
9 48
1 1 1 1 1 1 1 1 1
1 0 1 0 0 0 0 1 1
1 0 1 0 0 0 1 0 1
1 0 1 0 0 0 0 0 1
1 1 0 0 1 0 1 1 1
1 1 0 0 0 1 1 1 1
1 0 0 1 0 1 1 0 1
1 1 1 0 1 1 1 1 1
1 1 1 1 1 1 1 1 1
9 50
1 1 1 1 1 1 1 1 1
1 0 1 1 1 0 0 1 1
1 0 1 0 0 1 0 1 1
1 0 1 0 0 0 0 1 1
1 1 1 0 0 0 0 1 1
1 0 0 1 1 1 1 1 1
1 1 0 0 1 1 0 1 1
1 1 1 1 0 0 1 0 1
1 1 1 1 1 1 1 1 1
 */
/*
#1 4
#2 0
#3 10
#4 11
#5 16
#6 14
#7 20
#8 18
#9 15
#10 22
 */